Generation	Ne_genomatric
1	205.106418153552
2	205.106418153552
3	205.106418153552
4	205.106418153552
5	187.42841509966
6	183.661510860065
7	181.376227766145
8	179.878491026275
9	166.468851845163
10	157.083634200628
11	151.746435515675
12	147.157494030827
13	143.294382831015
14	139.829275529247
15	137.329869318873
16	134.6985799938
17	132.670336322813
18	129.956144384692
19	128.505875926314
20	127.683605982799
21	127.145919615538
22	127.503790884455
23	127.00977016898
24	127.60685485264
25	127.520399008676
26	129.291370338754
27	131.142777184952
28	133.810408581401
29	137.742960402045
30	141.541711664199
31	146.743633903905
32	156.031506092724
33	166.868021198872
34	176.573444216357
35	186.167778454903
36	196.26253334103
37	205.154771885274
38	214.859614469624
39	227.543260990305
40	238.851988691335
41	246.564832191723
42	255.566806151012
43	264.686841347236
44	276.321531967597
45	289.579682251212
46	304.481739081031
47	321.302683735031
48	334.129405002045
49	349.091988876274
50	366.095041165873
51	384.137986459153
52	406.649860044094
53	423.244012629933
54	443.452103282594
55	460.790530664178
56	476.435386643022
57	492.81881332615
58	504.59136847334
59	520.932204857392
60	536.145446009257
61	547.12930965336
62	556.705097470179
63	562.168064696111
64	567.428540579432
65	578.41614806888
66	585.204002531869
67	587.87161480292
68	592.778304430554
69	600.210132678854
70	604.705735690913
71	608.814108596322
72	611.750020907098
73	611.827890297677
74	610.859038782169
75	607.51332462291
76	612.01254423382
77	611.326315660381
78	606.999407800914
79	604.036839847856
80	603.543077910667
81	609.014068111666
82	606.383947503725
83	609.646967236213
84	613.664181189407
85	616.501413652412
86	621.169973357949
87	625.284695984098
88	626.484896022533
89	626.791968630911
90	630.456975970312
91	640.859116249617
92	651.184471185498
93	671.875144926074
94	692.252853193226
95	719.628421960657
96	747.349476567286
97	786.790744547633
98	822.353062692023
99	857.547755119443
100	903.853300678187
101	946.269846057904
102	1003.12363088674
103	1055.65084696137
104	1087.04203948363
105	1128.19739146955
106	1166.02405661156
107	1186.821805945
108	1221.63788374713
109	1236.57082748591
110	1259.3995933723
111	1280.08244667423
112	1292.30443326431
113	1292.31326517621
114	1295.65384909544
115	1302.78587702667
116	1309.5435647662
117	1325.84907306244
118	1326.03423847332
119	1334.15551649346
120	1341.02111276179
121	1355.61703185206
122	1369.47868769557
123	1374.21705649847
124	1376.32774615628
125	1376.17105452368
126	1384.33866752207
127	1401.37327572412
128	1417.79211908654
129	1426.15621603847
130	1433.8970733147
131	1441.41933973384
132	1449.12939196313
133	1454.96456652581
134	1458.74725984484
135	1459.24536153371
136	1465.65331468536
137	1474.07629359018
138	1473.24446774427
139	1475.61047808663
140	1474.44486797683
141	1469.93428266169
142	1463.51079667474
143	1465.02383525141
144	1472.67279896539
145	1477.3160191133
146	1482.51761485056
147	1493.3417086414
148	1502.85569349825
149	1511.08774069216
150	1514.68860255924
151	1516.60414561001
152	1514.75223009099
153	1513.64034677126
154	1518.57259952664
155	1520.47911516735
156	1513.91424635588
157	1512.47417403412
158	1511.31224767088
159	1513.14029594808
160	1511.32656132484
161	1511.89495419354
162	1508.52123262144
163	1504.98699262088
164	1504.13682293094
165	1497.40422586188
166	1493.06207712148
167	1491.76017834079
168	1488.37904023492
169	1484.86621720337
170	1486.20340442181
171	1490.64958478053
172	1494.73426236859
173	1499.33059613474
174	1502.51586602562
175	1506.51865523547
176	1510.02398719396
177	1513.35998285366
178	1521.37291218077
179	1527.66071310741
180	1529.12271622569
181	1529.35842157232
182	1535.64874717495
183	1538.75655231437
184	1547.53770234231
185	1553.85741918303
186	1557.92646240062
187	1559.4822156324
188	1569.60514244458
189	1576.7888615705
190	1584.78886509405
191	1592.50435495662
192	1598.50076728592
193	1605.62011073592
194	1607.83860211289
195	1604.53371605747
196	1602.75492638932
197	1602.1473159616
198	1605.83887435606
199	1607.55713678554
200	1612.38506355144
201	1621.8537373415
202	1634.09940654469
203	1645.14281217685
204	1661.8277651467
205	1679.73691796232
206	1697.79951152946
207	1708.79513581168
208	1724.44456162399
209	1736.09689778714
210	1747.7429294679
211	1760.42924797692
212	1769.78591886655
213	1782.62909974641
214	1792.62273503398
215	1802.48893378636
216	1810.2482900476
217	1823.78503446883
218	1837.84826271523
219	1848.06417431118
220	1859.07485683325
221	1868.78107292975
222	1883.62847344662
223	1894.7785554337
224	1903.74330906617
225	1918.34464288541
226	1929.11445894499
227	1945.67254458495
228	1965.18590582881
229	1981.04285487247
230	2000.5562437427
231	2018.09493646604
232	2040.50975840165
233	2054.76930097276
234	2075.93804591898
235	2091.20890860878
236	2104.76911732457
237	2119.09457546121
238	2130.22886284254
239	2140.47812368145
240	2153.92414946581
241	2170.38083829499
242	2185.82348918682
243	2194.64638410858
244	2202.56512923546
245	2207.7607031069
246	2212.17030840627
247	2221.53707415883
248	2228.09399001893
249	2234.88904620341
250	2240.85476285276
251	2245.95344487903
252	2252.59304335496
253	2257.71131728465
254	2260.21646988997
255	2264.65547151373
256	2270.12771182079
257	2271.06712723602
258	2274.49518217832
259	2281.24133008172
260	2285.76889758856
261	2290.63814518538
262	2293.96101997159
263	2297.3409676982
264	2302.30728864325
265	2310.76494007527
266	2318.04496658225
267	2324.37227123254
268	2330.37259711103
269	2332.36892994352
270	2334.97901110916
271	2340.08229413564
272	2343.84901215796
273	2348.72935740636
274	2353.08537672808
275	2355.6824481829
276	2359.6772112292
277	2364.35011645497
278	2370.15132658364
279	2375.41997170992
280	2379.5604041365
281	2382.94847706869
282	2385.14706100678
283	2388.94831660001
284	2390.5452504608
285	2392.7182169087
286	2396.7199360942
287	2400.11238570922
288	2408.321832183
289	2412.98787871045
290	2417.50303505548
291	2419.83880955836
292	2421.4094712124
293	2424.79826587195
294	2427.80545732048
295	2432.59044000684
296	2440.39095832603
297	2452.06850728923
298	2458.22214973905
299	2465.04031454878
300	2469.6389071241
301	2471.22604182504
302	2471.99975965777
303	2478.92611149479
304	2483.90379116011
305	2488.6115164973
306	2492.55266268542
307	2500.78795888991
308	2507.7324937993
309	2514.24074655941
310	2519.11268441112
311	2525.28248027945
312	2528.2364693607
313	2534.37919243276
314	2539.82218945374
315	2546.87481430299
316	2552.25483850986
317	2557.75442227123
318	2563.54969226722
319	2570.52575482746
320	2575.0131517823
321	2579.17436611293
322	2585.24223563339
323	2592.33155514529
324	2594.52096612659
325	2595.83873356456
326	2596.3651422329
327	2598.20235766025
328	2602.54571043384
329	2605.47034768736
330	2609.89885341131
331	2612.63725830406
332	2616.33449129862
333	2618.95409949709
334	2621.6540826524
335	2621.62569759593
336	2618.46441082043
337	2616.60914524204
338	2617.4276750475
339	2620.38689748123
340	2625.52843963677
341	2628.5626465047
342	2626.33318924624
343	2626.26404984854
344	2626.9387228983
345	2627.88890249628
346	2631.28148038314
347	2633.62771400814
348	2638.76451290919
349	2643.50618334863
350	2642.19319042064
351	2643.97083042526
352	2647.29219465571
353	2642.73525579156
354	2641.97589287865
355	2639.08344507744
356	2640.07072978745
357	2635.91657740745
358	2631.86912101366
359	2635.43347744722
360	2635.72283814659
361	2635.61986003771
362	2635.99921592985
363	2639.13539090515
364	2630.79923006696
365	2636.84842882952
366	2636.37432192912
367	2636.42630687846
368	2632.59662254549
369	2630.82953269766
370	2629.36578204623
371	2630.30805341239
372	2636.83464863438
373	2638.70791303217
374	2638.0473050267
375	2636.74798605112
376	2634.1950453939
377	2633.44619097092
378	2632.55262916415
379	2633.08981187729
380	2631.19595394497
381	2628.80856210274
382	2623.4118697712
383	2617.28818772728
384	2617.09655853939
385	2616.60252316255
386	2616.58899770673
387	2618.63950900636
388	2618.7314396529
389	2617.44646731668
390	2613.02781466664
391	2611.80390300169
392	2603.35759081016
393	2592.16670143781
394	2585.27906847743
395	2582.46951558529
396	2581.80145211828
397	2579.32093663805
398	2581.82549880367
399	2583.32868403376
400	2586.43125754448
401	2587.46989281153
402	2589.62387294064
403	2592.65177657172
404	2592.7107539568
405	2590.35892246398
406	2589.92851823739
407	2592.54904368117
408	2593.75864085856
409	2596.05244476172
410	2598.97280266451
411	2601.66828862648
412	2603.21486941269
413	2605.12313781411
414	2606.29406909444
415	2604.17302324064
416	2602.29789587832
417	2601.6794035931
418	2601.52224250547
419	2604.53259217015
420	2604.79874348798
421	2605.82137782375
422	2603.7902825933
423	2599.90640791076
424	2597.21860052422
425	2596.47289345789
426	2596.71636619494
427	2598.61253912353
428	2598.09191558445
429	2595.91386600234
430	2595.46178487263
431	2591.57491925786
432	2591.22692382471
433	2584.44718423642
434	2577.83246271383
435	2574.39774226726
436	2570.16707879969
437	2569.55376827078
438	2565.26073935357
439	2566.21587055913
440	2563.78159642235
441	2561.11330107166
442	2551.98171365784
443	2541.4863642866
444	2535.30213366049
445	2530.68293119957
446	2525.13081492261
447	2520.57715198424
448	2520.50915674888
449	2515.1859103354
450	2502.91623784573
451	2491.84571881579
452	2482.72754910997
453	2468.0537401879
454	2457.92521439367
455	2449.66405932788
456	2444.45458295774
457	2443.53229296565
458	2441.67915268457
459	2441.72271450119
460	2441.20554254405
461	2441.26853486703
462	2438.99366937264
463	2435.32215704834
464	2428.86665293276
465	2423.8968721424
466	2420.74288894368
467	2420.93613513271
468	2421.13210336578
469	2418.60398549419
470	2416.58119983823
471	2414.73579775409
472	2412.05190123152
473	2410.62616266893
474	2407.8836940379
475	2406.84167429075
476	2403.20226399541
477	2400.85176584324
478	2400.7360432878
479	2398.86588099769
480	2396.37334041417
481	2392.66101839353
482	2383.70062755709
483	2379.41704531948
484	2377.06599670596
485	2375.78065811736
486	2375.99390035177
487	2376.37828125971
488	2376.37828125971
489	2376.57767077261
490	2376.23889080476
491	2375.98753578329
492	2374.24560283804
493	2369.12146540498
494	2364.4774769425
495	2363.52887952276
496	2360.76866633236
497	2357.87202103538
498	2357.87202103538
499	2355.46738140731
500	2343.20570494314
501	2336.04200272058
502	2328.68054067502
503	2325.54876210918
504	2324.65721182585
505	2324.65721182585
506	2324.65721182585
507	2324.65721182585
508	2324.65721182585
509	2324.65721182585
510	2324.65721182585
511	2322.93723576269
512	2322.09943274341
513	2319.56963210436
514	2317.02896526711
515	2316.17090031735
516	2316.17090031735
517	2316.17090031735
518	2316.17090031735
519	2316.17090031735
520	2316.17090031735
521	2316.17090031735
522	2316.17090031735
523	2316.17090031735
524	2316.17090031735
525	2313.85457400352
526	2310.30805189975
527	2305.69550876276
528	2304.54861699181
529	2304.54861699181
530	2304.54861699181
531	2304.54861699181
532	2303.57863671291
533	2300.65131820617
534	2298.65538020667
535	2295.68871640006
536	2294.68689159613
537	2294.68689159613
538	2294.68689159613
539	2294.68689159613
540	2294.68689159613
541	2294.68689159613
542	2294.68689159613
543	2294.68689159613
544	2294.68689159613
545	2294.68689159613
546	2294.68689159613
547	2294.68689159613
548	2294.68689159613
549	2294.68689159613
550	2294.68689159613
551	2294.68689159613
552	2294.68689159613
553	2294.68689159613
554	2294.68689159613
555	2294.68689159613
556	2294.68689159613
557	2294.68689159613
558	2294.68689159613
559	2294.68689159613
560	2294.68689159613
561	2294.68689159613
562	2294.68689159613
563	2294.68689159613
564	2294.68689159613
565	2294.68689159613
566	2294.68689159613
567	2294.68689159613
568	2294.68689159613
569	2294.68689159613
570	2294.68689159613
571	2294.68689159613
572	2294.68689159613
573	2294.68689159613
574	2294.68689159613
575	2294.68689159613
576	2294.68689159613
577	2294.68689159613
578	2294.68689159613
579	2294.68689159613
580	2294.68689159613
581	2294.68689159613
582	2294.68689159613
583	2294.68689159613
584	2294.68689159613
585	2294.68689159613
586	2294.68689159613
587	2294.68689159613
588	2294.68689159613
589	2294.68689159613
590	2294.68689159613
591	2294.68689159613
592	2294.68689159613
593	2294.68689159613
594	2294.68689159613
595	2294.68689159613
596	2294.68689159613
597	2294.68689159613
598	2294.68689159613
599	2294.68689159613
600	2294.68689159613
601	2294.68689159613
602	2294.68689159613
603	2294.68689159613
604	2294.68689159613
605	2294.68689159613
606	2294.68689159613
607	2294.68689159613
608	2294.68689159613
609	2294.68689159613
610	2294.68689159613
611	2294.68689159613
612	2294.68689159613
613	2294.68689159613
614	2294.68689159613
615	2294.68689159613
616	2294.68689159613
617	2294.68689159613
618	2294.68689159613
619	2294.68689159613
620	2294.68689159613
621	2294.68689159613
622	2294.68689159613
623	2294.68689159613
624	2294.68689159613
625	2294.68689159613
626	2294.68689159613
627	2294.68689159613
628	2294.68689159613
629	2294.68689159613
630	2294.68689159613
631	2294.68689159613
632	2294.68689159613
633	2294.68689159613
634	2294.68689159613
635	2294.68689159613
636	2294.68689159613
637	2294.68689159613
638	2294.68689159613
639	2294.68689159613
640	2294.68689159613
641	2294.68689159613
642	2294.68689159613
643	2294.68689159613
644	2294.68689159613
645	2294.68689159613
646	2294.68689159613
647	2294.68689159613
648	2294.68689159613
649	2294.68689159613
650	2294.68689159613
651	2294.68689159613
652	2294.68689159613
653	2294.68689159613
654	2294.68689159613
655	2294.68689159613
656	2294.68689159613
657	2294.68689159613
658	2294.68689159613
659	2294.68689159613
660	2294.68689159613
661	2294.68689159613
662	2294.68689159613
663	2294.68689159613
664	2294.68689159613
665	2294.68689159613
666	2294.68689159613
667	2294.68689159613
668	2294.68689159613
669	2294.68689159613
670	2294.68689159613
671	2294.68689159613
672	2294.68689159613
673	2294.68689159613
674	2294.68689159613
675	2294.68689159613
676	2294.68689159613
677	2294.68689159613
678	2294.68689159613
679	2294.68689159613
680	2294.68689159613
681	2294.68689159613
682	2294.68689159613
683	2294.68689159613
684	2294.68689159613
685	2294.68689159613
686	2294.68689159613
687	2294.68689159613
688	2294.68689159613
689	2294.68689159613
690	2294.68689159613
691	2294.68689159613
692	2294.68689159613
693	2294.68689159613
694	2294.68689159613
695	2294.68689159613
696	2294.68689159613
697	2294.68689159613
698	2294.68689159613
699	2294.68689159613
700	2294.68689159613
701	2294.68689159613
702	2294.68689159613
703	2294.68689159613
704	2294.68689159613
705	2294.68689159613
706	2294.68689159613
707	2294.68689159613
708	2294.68689159613
709	2294.68689159613
710	2294.68689159613
711	2294.68689159613
712	2294.68689159613
713	2294.68689159613
714	2294.68689159613
715	2294.68689159613
716	2294.68689159613
717	2294.68689159613
718	2294.68689159613
719	2294.68689159613
720	2294.68689159613
721	2294.68689159613
722	2294.68689159613
723	2294.68689159613
724	2294.68689159613
725	2294.68689159613
726	2294.68689159613
727	2294.68689159613
728	2294.68689159613
729	2294.68689159613
730	2294.68689159613
731	2294.68689159613
732	2294.68689159613
733	2294.68689159613
734	2294.68689159613
735	2294.68689159613
736	2294.68689159613
737	2294.68689159613
738	2294.68689159613
739	2294.68689159613
740	2294.68689159613
741	2294.68689159613
742	2294.68689159613
743	2294.68689159613
744	2294.68689159613
745	2294.68689159613
746	2294.68689159613
747	2294.68689159613
748	2294.68689159613
749	2294.68689159613
750	2294.68689159613
751	2294.68689159613
752	2294.68689159613
753	2294.68689159613
754	2294.68689159613
755	2294.68689159613
756	2294.68689159613
757	2294.68689159613
758	2294.68689159613
759	2294.68689159613
760	2294.68689159613
761	2294.68689159613
762	2294.68689159613
763	2294.68689159613
764	2294.68689159613
765	2294.68689159613
766	2294.68689159613
767	2294.68689159613
768	2294.68689159613
769	2294.68689159613
770	2294.68689159613
771	2294.68689159613
772	2294.68689159613
773	2294.68689159613
774	2294.68689159613
775	2294.68689159613
776	2294.68689159613
777	2294.68689159613
778	2294.68689159613
779	2294.68689159613
780	2294.68689159613
781	2294.68689159613
782	2294.68689159613
783	2294.68689159613
784	2294.68689159613
785	2294.68689159613
786	2294.68689159613
787	2294.68689159613
788	2294.68689159613
789	2294.68689159613
790	2294.68689159613
791	2238.91330226001
