Generation	Ne_genomatric
1	165.855053505133
2	165.855053505133
3	165.855053505133
4	165.855053505133
5	175.879198261498
6	179.211778597982
7	181.159976338264
8	182.84223454415
9	185.557655112328
10	187.61593729303
11	189.06028033553
12	189.457435303813
13	188.36885586114
14	186.90308513178
15	183.502651749682
16	179.062020745118
17	172.958650605984
18	165.643750300369
19	156.643409860846
20	148.112835568063
21	136.54214915474
22	125.690674989345
23	114.28036346235
24	105.114982842513
25	97.7283804912057
26	89.1395070737667
27	83.0361558863251
28	78.817766530118
29	74.6370189237035
30	71.3082851591735
31	69.2544611862899
32	67.3729365883705
33	66.3715532734555
34	65.0454345531423
35	64.4612848044536
36	63.6640930736893
37	63.2084558616979
38	63.1434616850395
39	63.1693205184062
40	63.4001027799697
41	63.6454044380259
42	63.8285047250371
43	64.4236011581698
44	64.8638439006617
45	66.1598665880798
46	68.2122484629388
47	69.5695152544964
48	70.8694286430284
49	74.721898675421
50	82.9789149703368
51	98.3541756314823
52	121.56225599596
53	153.289545847433
54	217.564895967315
55	302.384988418792
56	402.724758494055
57	494.673370506664
58	597.944241446297
59	692.375067633095
60	771.821391692621
61	838.440946903375
62	902.201972720723
63	974.136396771962
64	1037.03708529818
65	1133.09679252981
66	1213.79199166341
67	1294.49802665481
68	1420.24875371157
69	1506.57779996012
70	1579.12765714563
71	1667.29177952584
72	1711.97921262503
73	1749.2436561026
74	1767.00162472934
75	1797.37366252739
76	1806.64573335158
77	1817.78920255353
78	1831.81594041783
79	1836.78226512585
80	1840.22645482136
81	1842.26119674237
82	1851.12588898284
83	1851.36836217582
84	1856.15322947236
85	1860.61541898259
86	1866.5702877083
87	1873.33558132221
88	1872.33138229064
89	1873.86709907737
90	1871.76432785251
91	1878.86717832568
92	1878.12504756754
93	1884.71154361343
94	1892.28677742248
95	1900.54926007777
96	1908.14749076848
97	1904.41106542405
98	1901.14096501605
99	1904.50822111478
100	1908.88509040159
101	1914.32173378801
102	1912.99173059873
103	1913.01655429744
104	1925.1523243653
105	1929.96247863415
106	1935.036831842
107	1942.3408146691
108	1950.05452426108
109	1955.30234668837
110	1968.24464693643
111	1974.66634627935
112	1978.23575660667
113	1978.4689477432
114	1980.33699677231
115	1983.98170755356
116	1985.92049485109
117	1985.36810575084
118	1991.68120719804
119	1998.79566781511
120	2000.70551532312
121	2008.27386659814
122	2013.42555402072
123	2014.8830133901
124	2007.6408456334
125	2008.9580932918
126	2013.48791677892
127	2018.39615746035
128	2024.19040769994
129	2025.13716796466
130	2030.78760603255
131	2028.62194427667
132	2034.18680839017
133	2036.39829384984
134	2041.83847115144
135	2043.88622094956
136	2045.37837979031
137	2049.82214872371
138	2053.9680276564
139	2055.09162631676
140	2052.37115537732
141	2047.13323926127
142	2042.8298273511
143	2037.14108539595
144	2029.95657968376
145	2027.54928117887
146	2022.12037200687
147	2015.27508270195
148	2019.31637359432
149	2015.33945482033
150	2012.71684756864
151	2001.44618755008
152	1991.06668740385
153	1990.9973929908
154	1992.21789744359
155	1990.73013051332
156	1986.50200659353
157	1985.73658002646
158	1982.61096812613
159	1977.46317813913
160	1970.48037686429
161	1967.95622090163
162	1965.82692731798
163	1959.50816511541
164	1956.79880459859
165	1952.07753111282
166	1949.54506976488
167	1947.47675927117
168	1943.47197905435
169	1936.87248033167
170	1933.65331260844
171	1933.90500964565
172	1931.54780785493
173	1931.39454079471
174	1934.15916255383
175	1941.60122808312
176	1947.1455102027
177	1943.56092042775
178	1944.27498149989
179	1938.94913181361
180	1935.10305332586
181	1935.01006962443
182	1932.58240177727
183	1932.03255502048
184	1937.59750926568
185	1934.94672323419
186	1930.53807844917
187	1927.53369249985
188	1928.76095243521
189	1926.71217126204
190	1926.04556822883
191	1925.85935921757
192	1916.75473311365
193	1911.57226492162
194	1908.07533062191
195	1907.85788636424
196	1898.35833453515
197	1892.36555986571
198	1888.05540215857
199	1884.95369671505
200	1881.09709520757
201	1877.74161530058
202	1871.8014987315
203	1868.81525864991
204	1863.41409093554
205	1854.46244661094
206	1852.62208625305
207	1848.33571832736
208	1850.22539173673
209	1848.24008498844
210	1845.7367461354
211	1846.58652839357
212	1842.90585596651
213	1838.09924655944
214	1833.62744333591
215	1831.53692437072
216	1827.92188788895
217	1822.5947097375
218	1821.92959650298
219	1816.68457714465
220	1809.12278524902
221	1800.88998248922
222	1794.78704349652
223	1791.57788117755
224	1784.42198877239
225	1780.83435395857
226	1773.53968224283
227	1766.50338295028
228	1760.25470171181
229	1754.20607261766
230	1749.39843818176
231	1744.44984184947
232	1740.27031532137
233	1737.06161576043
234	1728.84965249619
235	1725.30924663637
236	1715.95965439968
237	1708.18686086086
238	1701.63844295134
239	1698.24077525329
240	1693.78017631172
241	1687.68487949041
242	1683.03861379126
243	1680.0176565419
244	1677.66857126404
245	1675.56393369852
246	1672.32838754776
247	1668.86655607018
248	1665.66955806776
249	1664.56720473767
250	1660.96306766497
251	1657.14656902523
252	1654.79869052397
253	1650.19313733073
254	1648.08334539816
255	1645.74472741307
256	1641.48180200242
257	1640.0251783983
258	1637.60610414472
259	1637.66867256152
260	1635.53325070469
261	1632.75225806627
262	1628.15531942551
263	1619.66966560236
264	1604.18098167809
265	1592.48734660672
266	1580.90268076201
267	1561.13715335854
268	1539.50328957872
269	1524.42427372505
270	1515.48303116264
271	1501.71144929435
272	1486.53574894089
273	1471.85061254438
274	1458.48964667418
275	1434.27738802164
276	1416.10110507674
277	1398.04430075256
278	1367.96441593978
279	1347.63641645189
280	1328.08524466335
281	1312.81058030139
282	1288.31784577666
283	1265.60212502164
284	1257.28269121554
285	1240.37959272455
286	1224.58956979386
287	1218.94168711639
288	1208.21094579412
289	1199.68534232945
290	1189.56819839695
291	1182.32212610706
292	1175.06118509284
293	1167.4973667807
294	1160.70350456462
295	1154.71998587989
296	1145.67799918064
297	1142.10162823243
298	1137.98972881137
299	1130.55834045751
300	1124.00201190661
301	1120.32619928238
302	1112.45913587918
303	1106.85242081472
304	1100.38525452405
305	1096.18505004659
306	1089.81872488268
307	1084.4975435364
308	1069.5934248422
309	1057.4526300272
310	1047.59377389356
311	1040.55119777283
312	1034.07792879098
313	1026.68119047239
314	1019.66887533299
315	1013.42770415216
316	1010.89054671893
317	1009.78024344949
318	1009.76448561447
319	1009.20620870129
320	1008.5355090197
321	1008.13318811963
322	1005.3295836585
323	1005.63600407391
324	1006.03929419066
325	1005.75999032619
326	1004.05842789343
327	1002.21205269107
328	997.919554813194
329	995.786666461282
330	993.16696195245
331	989.185676859559
332	985.420068011357
333	981.321037199054
334	979.458903663349
335	977.911040827259
336	977.946496337624
337	977.779012299218
338	975.415608573849
339	974.459938596502
340	973.33789594442
341	972.985992224107
342	973.702054466491
343	973.647833894113
344	974.108254179629
345	974.537689674494
346	973.063565246061
347	971.770615690521
348	971.442624675872
349	970.556527112572
350	970.49296203079
351	970.12531564329
352	970.508901690475
353	970.080377975394
354	970.501712444244
355	970.792614433865
356	970.299944524677
357	970.139355757852
358	970.482536446766
359	970.592164053815
360	971.191327103605
361	971.430541425348
362	971.869135200412
363	971.685795152589
364	971.65054111525
365	970.093367110371
366	969.357610217081
367	967.974134013315
368	967.163828089194
369	965.983688717601
370	965.725922795504
371	965.549048451118
372	965.471577148926
373	964.679789016592
374	962.454156581416
375	960.753779594061
376	959.720431822819
377	958.518598481765
378	956.734482444589
379	955.988866640525
380	954.631093259023
381	954.017189503426
382	954.042194385041
383	954.601021712839
384	955.464297833666
385	955.552624131939
386	955.469002976862
387	955.178262871675
388	955.589301859301
389	955.355296029942
390	955.117617835186
391	955.183397252794
392	954.379802978155
393	954.676201770471
394	954.921078218567
395	955.223718403387
396	955.19106022589
397	955.081918031129
398	953.965299520268
399	953.972894007326
400	954.385406302305
401	954.239819972635
402	954.26224787278
403	954.184566974934
404	954.018508892965
405	954.972017356825
406	955.595204114229
407	955.801488729359
408	956.7579074961
409	957.51657724404
410	957.889251868647
411	958.329559326941
412	957.652123032337
413	958.538025575195
414	958.702460814
415	957.949931451898
416	957.762810496442
417	956.530318359744
418	955.732176310291
419	955.344409702992
420	954.413400793569
421	954.124275470668
422	952.641407038838
423	951.693524709014
424	950.43938522084
425	950.663713757805
426	949.379264685727
427	947.444621588239
428	946.49200084895
429	944.996393131443
430	945.103226289575
431	944.016356370257
432	943.273435759252
433	942.936206418186
434	942.812472872563
435	942.366271469349
436	941.928308142084
437	942.179494846604
438	942.157117304578
439	942.082162069194
440	942.84839408262
441	943.593398728366
442	944.294594912855
443	944.539565992113
444	944.659722669795
445	945.087712474164
446	945.795430822408
447	945.916818044823
448	945.821483513981
449	944.920289539574
450	945.043133911194
451	944.599582116894
452	944.574686447929
453	944.481272714795
454	944.080258853204
455	943.495997742569
456	942.939687632507
457	942.696229283737
458	942.398786543684
459	943.079274839633
460	943.785744504942
461	944.705786171394
462	946.364825481325
463	948.178801196319
464	949.55886008218
465	950.479151073253
466	951.126378308922
467	952.022941070801
468	951.998140086191
469	952.47118559661
470	952.921625088103
471	953.514157342227
472	954.182926665909
473	955.019136775729
474	955.254660516629
475	956.130591123828
476	957.047489574543
477	958.034880178659
478	958.787060250035
479	958.718527682043
480	959.019799969903
481	959.436593767896
482	960.024033457676
483	960.292104057834
484	960.605970262722
485	960.877148232367
486	961.330721602703
487	961.652785844194
488	961.852867432375
489	961.96451952372
490	961.96451952372
491	961.96451952372
492	961.96451952372
493	961.96451952372
494	961.96451952372
495	961.96451952372
496	961.96451952372
497	961.96451952372
498	961.96451952372
499	961.96451952372
500	961.96451952372
501	961.96451952372
502	961.96451952372
503	961.96451952372
504	961.96451952372
505	961.96451952372
506	961.96451952372
507	961.96451952372
508	961.96451952372
509	961.96451952372
510	961.96451952372
511	961.96451952372
512	961.96451952372
513	961.96451952372
514	961.96451952372
515	961.96451952372
516	961.96451952372
517	961.96451952372
518	961.96451952372
519	961.96451952372
520	961.96451952372
521	961.96451952372
522	961.96451952372
523	961.96451952372
524	961.96451952372
525	961.96451952372
526	961.96451952372
527	961.96451952372
528	961.96451952372
529	961.96451952372
530	961.96451952372
531	961.96451952372
532	961.96451952372
533	961.96451952372
534	961.96451952372
535	961.96451952372
536	961.96451952372
537	961.96451952372
538	961.96451952372
539	961.96451952372
540	961.96451952372
541	961.96451952372
542	961.96451952372
543	961.96451952372
544	961.96451952372
545	961.96451952372
546	961.96451952372
547	961.96451952372
548	961.96451952372
549	961.96451952372
550	961.96451952372
551	961.96451952372
552	961.96451952372
553	961.96451952372
554	961.96451952372
555	961.96451952372
556	961.96451952372
557	961.96451952372
558	961.96451952372
559	961.96451952372
560	961.96451952372
561	961.96451952372
562	961.96451952372
563	961.96451952372
564	961.96451952372
565	961.96451952372
566	961.96451952372
567	961.96451952372
568	961.96451952372
569	961.96451952372
570	961.96451952372
571	961.96451952372
572	961.96451952372
573	961.96451952372
574	961.96451952372
575	961.96451952372
576	961.96451952372
577	961.96451952372
578	961.96451952372
579	961.96451952372
580	961.96451952372
581	961.96451952372
582	961.96451952372
583	961.96451952372
584	961.96451952372
585	961.96451952372
586	961.96451952372
587	961.96451952372
588	961.96451952372
589	961.96451952372
590	961.96451952372
591	961.96451952372
592	961.96451952372
593	961.96451952372
594	961.96451952372
595	961.96451952372
596	961.96451952372
597	961.96451952372
598	961.96451952372
599	961.96451952372
600	961.96451952372
601	961.96451952372
602	961.96451952372
603	961.96451952372
604	961.96451952372
605	961.96451952372
606	961.96451952372
607	961.96451952372
608	961.96451952372
609	961.96451952372
610	961.96451952372
611	961.96451952372
612	961.96451952372
613	961.96451952372
614	961.96451952372
615	961.96451952372
616	961.96451952372
617	961.96451952372
618	961.96451952372
619	961.96451952372
620	961.96451952372
621	961.96451952372
622	961.96451952372
623	961.96451952372
624	961.96451952372
625	961.96451952372
626	961.96451952372
627	961.96451952372
628	961.96451952372
629	961.96451952372
630	961.96451952372
631	961.96451952372
632	961.96451952372
633	961.96451952372
634	961.96451952372
635	961.96451952372
636	961.96451952372
637	961.96451952372
638	961.96451952372
639	961.96451952372
640	961.96451952372
641	961.96451952372
642	961.96451952372
643	961.96451952372
644	961.96451952372
645	961.96451952372
646	961.96451952372
647	961.96451952372
648	961.96451952372
649	961.96451952372
650	961.96451952372
651	961.96451952372
652	961.96451952372
653	961.96451952372
654	961.96451952372
655	961.96451952372
656	961.96451952372
657	961.96451952372
658	961.96451952372
659	961.96451952372
660	961.96451952372
661	961.96451952372
662	961.96451952372
663	961.96451952372
664	961.96451952372
665	961.96451952372
666	961.96451952372
667	961.96451952372
668	961.96451952372
669	961.96451952372
670	961.96451952372
671	961.96451952372
672	961.96451952372
673	961.96451952372
674	961.96451952372
675	961.96451952372
676	961.96451952372
677	961.96451952372
678	961.96451952372
679	961.96451952372
680	961.96451952372
681	961.96451952372
682	961.96451952372
683	961.96451952372
684	961.96451952372
685	961.96451952372
686	961.96451952372
687	961.96451952372
688	961.96451952372
689	961.96451952372
690	961.96451952372
691	961.96451952372
692	961.96451952372
693	961.96451952372
694	961.96451952372
695	961.96451952372
696	961.96451952372
697	961.96451952372
698	961.96451952372
699	961.96451952372
700	961.96451952372
701	961.96451952372
702	961.96451952372
703	961.96451952372
704	961.96451952372
705	961.96451952372
706	961.96451952372
707	961.96451952372
708	961.96451952372
709	961.96451952372
710	961.96451952372
711	961.96451952372
712	961.96451952372
713	961.96451952372
714	961.96451952372
715	961.96451952372
716	961.96451952372
717	961.96451952372
718	961.96451952372
719	961.96451952372
720	961.96451952372
721	961.96451952372
722	961.96451952372
723	961.96451952372
724	961.96451952372
725	961.96451952372
726	961.96451952372
727	961.96451952372
728	961.96451952372
729	961.96451952372
730	961.96451952372
731	961.96451952372
732	961.96451952372
733	961.96451952372
734	961.96451952372
735	961.96451952372
736	961.96451952372
737	961.96451952372
738	961.96451952372
739	961.96451952372
740	961.96451952372
741	961.96451952372
742	961.96451952372
743	961.96451952372
744	961.96451952372
745	961.96451952372
746	961.96451952372
747	961.96451952372
748	961.96451952372
749	961.96451952372
750	961.96451952372
751	961.96451952372
752	961.96451952372
753	961.96451952372
754	961.96451952372
755	961.96451952372
756	961.96451952372
757	961.96451952372
758	961.96451952372
759	961.96451952372
760	961.96451952372
761	961.96451952372
762	961.96451952372
763	961.96451952372
764	961.96451952372
765	961.96451952372
766	961.96451952372
767	961.96451952372
768	961.96451952372
769	961.96451952372
770	961.96451952372
771	961.96451952372
772	961.96451952372
773	961.96451952372
774	961.96451952372
775	961.96451952372
776	961.96451952372
777	961.96451952372
778	961.96451952372
779	961.96451952372
780	961.96451952372
781	961.96451952372
782	961.96451952372
783	961.96451952372
784	961.96451952372
785	961.96451952372
786	961.96451952372
787	961.96451952372
788	961.96451952372
789	961.96451952372
790	961.96451952372
791	967.594068093879
