Generation	Ne_genomatric
1	489.654670606731
2	489.654670606731
3	489.654670606731
4	489.654670606731
5	1102.84285724913
6	1129.10705340412
7	1156.79598816823
8	1165.57703211974
9	1484.1223727292
10	1566.33710110181
11	1613.85785381793
12	1632.35432123281
13	1737.62764379985
14	1784.9219611812
15	1808.15811643246
16	1820.65835385918
17	1829.88142530062
18	1833.02406944552
19	1836.89882875592
20	1831.6985858061
21	1826.67542728693
22	1811.51348329683
23	1797.83507426089
24	1779.21218979631
25	1764.41696631247
26	1738.64903023597
27	1704.51616083537
28	1673.19925446639
29	1650.40321052835
30	1616.2813906283
31	1585.60479973537
32	1548.48426265851
33	1502.86165822601
34	1466.33009792327
35	1425.86174833828
36	1389.30191937413
37	1349.2837225744
38	1304.36520407215
39	1262.51032850216
40	1227.67888777671
41	1187.94204141397
42	1152.45494238725
43	1109.2426840719
44	1085.32782594215
45	1064.52439050186
46	1033.33102240385
47	1004.18084142065
48	978.411393837551
49	957.292308624009
50	937.873165154395
51	920.919809479439
52	904.309632854336
53	891.814479987204
54	880.633158010659
55	873.822102866687
56	863.633915158469
57	856.884969408761
58	851.553151220192
59	846.647350060774
60	848.630386587074
61	849.89353031821
62	853.147342117657
63	854.555261090762
64	856.316829933722
65	859.309831333693
66	863.483665353698
67	866.479928918367
68	866.524269925059
69	871.290124356017
70	878.382479992556
71	893.61529494641
72	906.597638415794
73	925.061987282044
74	945.146740637156
75	968.21959771063
76	996.158029180381
77	1027.67710151726
78	1055.20344393689
79	1089.80440630031
80	1132.20567686125
81	1202.8578755642
82	1273.35265693368
83	1348.72693328174
84	1466.253726891
85	1619.20935397332
86	1794.5902293716
87	1994.12688527633
88	2195.97120531405
89	2440.08663157031
90	2634.48176876768
91	2925.70340066569
92	3310.2602462385
93	3732.65844668847
94	4153.32960508283
95	4588.56189780521
96	5096.79845738432
97	5643.90893877273
98	6161.00140988004
99	6660.05009341188
100	7266.7666713221
101	7733.96431637813
102	8136.6176996521
103	8460.37534159939
104	8725.89127622147
105	8991.75797463615
106	9306.16776277875
107	9666.37286765785
108	10046.1576292631
109	10251.4340752156
110	10460.9780204773
111	10692.8638533998
112	10929.353558427
113	11105.416823487
114	11291.0144590769
115	11518.2106640142
116	11652.6914004174
117	11805.7112928221
118	11948.5077662776
119	12057.7758790623
120	12217.2429466551
121	12341.9238239892
122	12479.8139293471
123	12620.0537987952
124	12748.119437124
125	12856.3320904033
126	12979.6380071386
127	13025.375660723
128	13119.824518574
129	13155.0486358736
130	13204.4688745218
131	13208.0118702085
132	13242.8705922414
133	13276.8570714208
134	13282.2272468577
135	13320.9525787161
136	13352.5706180344
137	13412.2364237134
138	13507.3943681763
139	13552.9970056632
140	13596.5502185949
141	13674.157651525
142	13738.7174619382
143	13782.7390192645
144	13787.2407784026
145	13800.8752110359
146	13790.26659319
147	13819.7322788538
148	13782.1172476248
149	13811.9656096122
150	13838.5273668536
151	13897.4442742185
152	13921.4717735483
153	13939.1393965252
154	13975.2337220501
155	14014.2860058957
156	14081.9708225466
157	14101.8002597988
158	14152.3360903757
159	14181.7929808763
160	14203.8550749986
161	14156.2504132149
162	14207.8114538094
163	14192.7530073152
164	14217.5441747922
165	14282.2869721535
166	14349.0653426112
167	14412.5664826444
168	14412.0096486937
169	14463.5022339271
170	14485.1774832547
171	14472.5249746455
172	14473.8055790218
173	14498.4540987635
174	14525.2652836788
175	14518.4889468544
176	14503.7711310182
177	14498.9320279672
178	14519.8211030396
179	14492.4892411323
180	14494.4264261969
181	14499.9674360993
182	14476.7884702273
183	14470.4468945499
184	14440.3300741044
185	14392.0633222274
186	14345.5268564538
187	14326.3036998957
188	14298.1189924222
189	14295.1926813662
190	14295.534531875
191	14279.4035020819
192	14215.3328889469
193	14214.0574974842
194	14145.3936519674
195	14050.1800224316
196	14001.4684895909
197	13887.0821629158
198	13824.6200882743
199	13809.4239416915
200	13749.1269156238
201	13614.4667598857
202	13529.2170674039
203	13342.5917233687
204	13190.0764435355
205	13012.285500689
206	12829.2582262695
207	12603.5176111507
208	12529.4813387507
209	12464.6030994266
210	12346.6990192481
211	12204.1772668967
212	12033.9381542407
213	11856.2744113993
214	11692.5148357222
215	11584.8799866818
216	11465.8629757478
217	11300.2415321772
218	11108.7918682653
219	10876.7669994994
220	10640.0331396257
221	10389.0665053925
222	10216.2731177572
223	10069.449885016
224	9920.4238810195
225	9702.81688391534
226	9557.58726619404
227	9426.65156112774
228	9295.69462809918
229	9183.33220111546
230	9099.46237399821
231	9024.10925307954
232	8887.88226643049
233	8767.82799663347
234	8620.48493449507
235	8456.23455145077
236	8285.96929444623
237	8089.57228097413
238	7964.93124046377
239	7862.50022483318
240	7709.72162060385
241	7561.93773103351
242	7433.76538454657
243	7306.40041807734
244	7150.86370048128
245	6931.58983937429
246	6813.90760875593
247	6691.26056315651
248	6584.64214227173
249	6484.89003938551
250	6372.63349008265
251	6266.01069458971
252	6176.6840766851
253	6098.1659906691
254	6018.82401783174
255	5929.95602367311
256	5842.50090055226
257	5775.46471952437
258	5754.2176861393
259	5724.46156972277
260	5715.73483682533
261	5687.84863446476
262	5653.42690957047
263	5604.60190965724
264	5542.56572890184
265	5472.96558274312
266	5441.58989127032
267	5400.79715162803
268	5335.30079194218
269	5276.21426610235
270	5248.85699332977
271	5217.97951488085
272	5195.20386661505
273	5174.18912570368
274	5161.44278038111
275	5114.38194465892
276	5058.91250050624
277	4989.95216260191
278	4927.55916768508
279	4886.52920845777
280	4841.25074226822
281	4796.46562436411
282	4758.48111777637
283	4726.22793242653
284	4709.66048912163
285	4690.93362998776
286	4673.60907260448
287	4649.24824755205
288	4627.46527188559
289	4611.33253830225
290	4591.94004343354
291	4556.44637149629
292	4546.09789522902
293	4542.25145441439
294	4539.02965968664
295	4515.57392840167
296	4488.174799374
297	4446.17289405437
298	4424.96261234935
299	4404.45156330326
300	4393.89110607551
301	4378.32965357687
302	4351.52049631092
303	4336.63552542666
304	4329.93896689748
305	4323.19707143463
306	4305.64714824604
307	4299.63478561301
308	4286.85243332234
309	4270.89888131499
310	4253.11190208528
311	4225.60456300018
312	4199.22631637612
313	4172.94916060437
314	4149.77508600776
315	4131.05440649033
316	4107.01075237884
317	4090.95267625835
318	4076.92475144582
319	4058.31572871112
320	4026.2226640444
321	3990.77210142898
322	3951.88650872548
323	3922.33061783023
324	3910.00569514531
325	3880.63509791433
326	3831.08263587168
327	3787.36681240958
328	3765.10934061
329	3746.60783195649
330	3715.93063104897
331	3694.88625347094
332	3675.18500795003
333	3604.5391874165
334	3476.86283377286
335	3221.14960502772
336	2975.03350500927
337	2739.29807133268
338	2582.06148974078
339	2420.07393623844
340	2207.08671396764
341	1985.95225369571
342	1790.90102931687
343	1669.43466786306
344	1601.05549702209
345	1524.97598322321
346	1434.74747282301
347	1353.32816452599
348	1302.43886061717
349	1249.95771543583
350	1190.39728367911
351	1142.77256077307
352	1086.94740456772
353	1016.86109943589
354	949.602921074675
355	863.510093010783
356	781.285750012885
357	720.287337997306
358	670.130372486636
359	632.620621376166
360	609.923047548943
361	590.455223892885
362	571.013563403087
363	560.319231486507
364	548.900216077201
365	540.429488787791
366	535.690707861718
367	532.802455129133
368	531.786367051015
369	531.383733341817
370	532.039864538815
371	532.102838220017
372	531.942323283668
373	531.755890646343
374	531.615405148246
375	531.510742750928
376	531.475473290906
377	531.471505940923
378	532.009444079082
379	532.189842950897
380	532.294764297673
381	532.21472665076
382	531.980162203099
383	531.264961402043
384	530.980213862924
385	530.542691295253
386	530.293831984606
387	529.945166194557
388	529.445629082858
389	529.058062546606
390	528.639171623337
391	528.225708219688
392	528.124734412689
393	527.754899260657
394	527.758304755584
395	527.503115755786
396	527.249584065032
397	527.09341330387
398	527.00391745127
399	527.020052159755
400	527.000323803316
401	526.860407502123
402	526.722075513906
403	526.935169271552
404	527.234632208317
405	527.770239060273
406	527.680762112326
407	527.701465532244
408	527.78158182041
409	527.62105865935
410	527.364568341901
411	527.126605219029
412	527.130122376767
413	527.152205185036
414	527.146800508755
415	527.015793671694
416	526.78921407506
417	526.921723014787
418	527.266805823389
419	527.259335886576
420	527.327953470512
421	527.379154148934
422	527.453512727403
423	527.686387804954
424	528.071206124874
425	528.503529240705
426	529.016335120397
427	529.331892628921
428	529.50265199195
429	529.888611710319
430	529.836771745843
431	530.182015331136
432	530.76642706216
433	530.754901080559
434	531.822088828019
435	532.428295217125
436	532.867230417846
437	533.215563493763
438	533.309781314877
439	533.488208786009
440	533.570028603006
441	533.694095197682
442	533.363239074937
443	532.787968903609
444	532.858617671715
445	533.002087592195
446	533.424787711362
447	533.800898844279
448	534.124042127355
449	534.861431362615
450	536.095328717578
451	536.455607535155
452	536.792560035678
453	536.963389556684
454	537.249069337575
455	537.353003766816
456	537.616886511202
457	537.808050818579
458	537.715051898434
459	537.780531405155
460	537.734873617186
461	537.619467690473
462	537.422682855153
463	537.424140783843
464	537.621474186697
465	537.937032438427
466	538.27528510735
467	538.663100092141
468	539.425516333791
469	540.067078569136
470	540.291135911196
471	540.502834511313
472	541.055272010418
473	541.663088901663
474	541.845072361186
475	542.318485233497
476	542.701906802383
477	543.137698930143
478	543.556418813782
479	543.570429218267
480	544.064692918359
481	544.315561143902
482	545.595359721075
483	546.716567341833
484	547.488205012673
485	549.1885897312
486	549.950113489207
487	550.108811448933
488	550.438541546703
489	550.438541546703
490	550.603501890966
491	550.603501890966
492	550.603501890966
493	550.829421594493
494	550.829421594493
495	551.054426564699
496	551.736629323101
497	552.378622303556
498	552.977726660657
499	554.392536630903
500	555.561749436196
501	556.325274364491
502	556.504192818729
503	556.697536190279
504	557.61691333753
505	558.54597408133
506	559.609659042141
507	559.956925924091
508	560.134603947837
509	560.432838294085
510	560.896768740284
511	561.167100899872
512	561.841978002
513	562.853122813044
514	563.604511029755
515	564.397422854456
516	565.012847097749
517	566.764786411528
518	567.590913627856
519	568.541271982021
520	568.926710348409
521	568.926710348409
522	568.926710348409
523	568.926710348409
524	568.926710348409
525	568.926710348409
526	568.926710348409
527	568.926710348409
528	568.926710348409
529	568.926710348409
530	568.926710348409
531	568.926710348409
532	569.119232857718
533	569.119232857718
534	569.312744799515
535	569.891678252287
536	570.673179625973
537	570.673179625973
538	570.868708996655
539	570.868708996655
540	570.868708996655
541	570.868708996655
542	570.868708996655
543	570.868708996655
544	570.868708996655
545	570.868708996655
546	570.868708996655
547	570.868708996655
548	570.868708996655
549	570.868708996655
550	570.868708996655
551	570.868708996655
552	570.868708996655
553	570.868708996655
554	570.868708996655
555	570.868708996655
556	570.868708996655
557	570.868708996655
558	570.868708996655
559	570.868708996655
560	570.868708996655
561	570.868708996655
562	570.868708996655
563	570.868708996655
564	570.868708996655
565	570.868708996655
566	570.868708996655
567	570.868708996655
568	570.868708996655
569	570.868708996655
570	570.868708996655
571	570.868708996655
572	570.868708996655
573	570.868708996655
574	570.868708996655
575	570.868708996655
576	570.868708996655
577	570.868708996655
578	570.868708996655
579	570.868708996655
580	570.868708996655
581	570.868708996655
582	570.868708996655
583	570.868708996655
584	570.868708996655
585	570.868708996655
586	570.868708996655
587	570.868708996655
588	570.868708996655
589	570.868708996655
590	570.868708996655
591	570.868708996655
592	570.868708996655
593	570.868708996655
594	570.868708996655
595	570.868708996655
596	570.868708996655
597	570.868708996655
598	570.868708996655
599	570.868708996655
600	570.868708996655
601	570.868708996655
602	570.868708996655
603	570.868708996655
604	570.868708996655
605	570.868708996655
606	570.868708996655
607	570.868708996655
608	570.868708996655
609	570.868708996655
610	570.868708996655
611	570.868708996655
612	570.868708996655
613	570.868708996655
614	570.868708996655
615	570.868708996655
616	570.868708996655
617	570.868708996655
618	570.868708996655
619	570.868708996655
620	570.868708996655
621	570.868708996655
622	570.868708996655
623	570.868708996655
624	570.868708996655
625	570.868708996655
626	570.868708996655
627	570.868708996655
628	570.868708996655
629	570.868708996655
630	570.868708996655
631	570.868708996655
632	570.868708996655
633	570.868708996655
634	570.868708996655
635	570.868708996655
636	570.868708996655
637	570.868708996655
638	570.868708996655
639	570.868708996655
640	570.868708996655
641	570.868708996655
642	570.868708996655
643	570.868708996655
644	570.868708996655
645	570.868708996655
646	570.868708996655
647	570.868708996655
648	570.868708996655
649	570.868708996655
650	570.868708996655
651	570.868708996655
652	570.868708996655
653	570.868708996655
654	570.868708996655
655	570.868708996655
656	570.868708996655
657	570.868708996655
658	570.868708996655
659	570.868708996655
660	570.868708996655
661	570.868708996655
662	570.868708996655
663	570.868708996655
664	570.868708996655
665	570.868708996655
666	570.868708996655
667	570.868708996655
668	570.868708996655
669	570.868708996655
670	570.868708996655
671	570.868708996655
672	570.868708996655
673	570.868708996655
674	570.868708996655
675	570.868708996655
676	570.868708996655
677	570.868708996655
678	570.868708996655
679	570.868708996655
680	570.868708996655
681	570.868708996655
682	570.868708996655
683	570.868708996655
684	570.868708996655
685	570.868708996655
686	570.868708996655
687	570.868708996655
688	570.868708996655
689	570.868708996655
690	570.868708996655
691	570.868708996655
692	570.868708996655
693	570.868708996655
694	570.868708996655
695	570.868708996655
696	570.868708996655
697	570.868708996655
698	570.868708996655
699	570.868708996655
700	570.868708996655
701	570.868708996655
702	570.868708996655
703	570.868708996655
704	570.868708996655
705	570.868708996655
706	570.868708996655
707	570.868708996655
708	570.868708996655
709	570.868708996655
710	570.868708996655
711	570.868708996655
712	570.868708996655
713	570.868708996655
714	570.868708996655
715	570.868708996655
716	570.868708996655
717	570.868708996655
718	570.868708996655
719	570.868708996655
720	570.868708996655
721	570.868708996655
722	570.868708996655
723	570.868708996655
724	570.868708996655
725	570.868708996655
726	570.868708996655
727	570.868708996655
728	570.868708996655
729	570.868708996655
730	570.868708996655
731	570.868708996655
732	570.868708996655
733	570.868708996655
734	570.868708996655
735	570.868708996655
736	570.868708996655
737	570.868708996655
738	570.868708996655
739	570.868708996655
740	570.868708996655
741	570.868708996655
742	570.868708996655
743	570.868708996655
744	570.868708996655
745	570.868708996655
746	570.868708996655
747	570.868708996655
748	570.868708996655
749	570.868708996655
750	570.868708996655
751	570.868708996655
752	570.868708996655
753	570.868708996655
754	570.868708996655
755	570.868708996655
756	570.868708996655
757	570.868708996655
758	570.868708996655
759	570.868708996655
760	570.868708996655
761	570.868708996655
762	570.868708996655
763	570.868708996655
764	570.868708996655
765	570.868708996655
766	570.868708996655
767	570.868708996655
768	570.868708996655
769	570.868708996655
770	570.868708996655
771	570.868708996655
772	570.868708996655
773	570.868708996655
774	570.868708996655
775	570.868708996655
776	570.868708996655
777	570.868708996655
778	570.868708996655
779	570.868708996655
780	570.868708996655
781	570.868708996655
782	570.868708996655
783	570.868708996655
784	570.868708996655
785	570.868708996655
786	570.868708996655
787	570.868708996655
788	570.868708996655
789	570.868708996655
790	570.868708996655
791	614.045420709576
