Generation	Ne_genomatric
1	43.639815551382
2	43.639815551382
3	43.639815551382
4	43.639815551382
5	45.8776341133978
6	45.7407376371628
7	45.231290689262
8	44.7857080084252
9	45.5936577580443
10	45.8425240793694
11	46.9533572580178
12	48.3128415806011
13	55.6793774362269
14	65.0774500425348
15	77.4865483626093
16	91.7610018855461
17	139.810722597144
18	227.400111758956
19	417.243747497696
20	627.800350305991
21	883.354276696104
22	1125.75606181976
23	1306.84164621035
24	1390.20626640691
25	1493.18184217231
26	1585.29993576017
27	1685.98089803833
28	1711.33105849709
29	1722.716518115
30	1750.58712209072
31	1787.33579325093
32	1794.31064784222
33	1804.91253403578
34	1807.37987845774
35	1822.47805940484
36	1821.65507876638
37	1820.95298790975
38	1819.29921338874
39	1817.91709599119
40	1815.46712234536
41	1808.65900872656
42	1813.35405676827
43	1819.43903075376
44	1820.76225881203
45	1827.59610095594
46	1826.15808745239
47	1828.49544271811
48	1829.09498600639
49	1826.00610439435
50	1826.16088627081
51	1827.02519559195
52	1823.28056561602
53	1827.07550262887
54	1830.45550305266
55	1840.85567543674
56	1842.29118590421
57	1848.0980617224
58	1851.13033893269
59	1851.20915083864
60	1851.68372147688
61	1847.10616892761
62	1850.84860712248
63	1852.03819560709
64	1856.27249297796
65	1856.37739980417
66	1862.01169959049
67	1864.09940920897
68	1864.03546823106
69	1868.40089651273
70	1873.6789450727
71	1877.5473919236
72	1876.50966142769
73	1875.40226302122
74	1877.07310536415
75	1875.82595091527
76	1874.68484433067
77	1887.2225796243
78	1886.60486097951
79	1882.79956004825
80	1881.08482688432
81	1884.34069187418
82	1886.12359519393
83	1889.42643013773
84	1898.26724142418
85	1900.21780505113
86	1905.29874390236
87	1922.63532529284
88	1939.13286101164
89	1956.46319471597
90	1976.0551781358
91	1988.41540422396
92	2004.6981738549
93	2007.00042164111
94	2014.35029793577
95	2007.30810579577
96	2002.56936294738
97	1998.01161572886
98	1998.57084813731
99	1999.23945775126
100	2010.83119537113
101	2020.90771653229
102	2020.32184567614
103	2022.59887813121
104	2032.92710810938
105	2040.75226142362
106	2034.10771679902
107	2027.59636639287
108	2014.420740641
109	2005.11104784706
110	2008.1972063936
111	2015.74862633066
112	2024.14112132107
113	2031.58472919583
114	2037.76006567128
115	2042.57439845831
116	2039.57391359688
117	2038.92284964232
118	2044.55189670398
119	2051.54752538942
120	2057.7418834859
121	2060.29871657447
122	2065.3989140816
123	2074.34971861561
124	2082.15011249506
125	2083.47978748541
126	2081.56624880299
127	2085.99572580194
128	2090.38743357078
129	2091.19898481706
130	2087.35869920322
131	2088.14084848912
132	2095.20151538287
133	2099.84866296891
134	2092.53790045343
135	2095.05109795702
136	2097.52403442781
137	2088.71609429396
138	2081.07750847016
139	2081.49470723799
140	2077.29353053072
141	2078.06190357948
142	2076.99451468078
143	2076.45750300837
144	2078.72893593175
145	2083.4889980034
146	2085.76711048816
147	2092.97334981911
148	2090.89009902777
149	2094.17374545346
150	2094.91333091206
151	2097.68155664879
152	2101.00038565936
153	2106.19067518943
154	2113.65453704773
155	2120.1934387573
156	2122.93013103803
157	2126.90677269846
158	2137.27977000077
159	2142.13252789062
160	2149.38939897572
161	2154.98846867145
162	2159.5364799338
163	2170.39418395861
164	2179.99332719594
165	2185.85104676607
166	2191.71079306363
167	2191.17289755989
168	2195.15529067959
169	2195.21284920903
170	2195.52304126357
171	2201.06961741252
172	2202.1005085238
173	2205.33443982457
174	2210.64359736501
175	2214.03752577876
176	2215.13680413264
177	2216.33886860722
178	2212.23974243473
179	2208.40507258488
180	2217.47203009496
181	2220.41051120672
182	2219.92394117903
183	2221.15894456707
184	2226.95935798046
185	2233.69707372254
186	2235.62661535963
187	2238.48923541848
188	2239.47607259688
189	2243.32959343721
190	2252.99668056327
191	2264.07863484774
192	2267.67515079784
193	2267.38510960638
194	2260.43420982065
195	2263.51577548888
196	2269.31939677361
197	2277.55471893814
198	2284.0350698207
199	2290.91999470845
200	2298.80602789762
201	2302.07548358302
202	2305.24230094302
203	2314.87566259623
204	2319.92686134594
205	2321.24075696687
206	2322.66377424383
207	2336.1695482507
208	2340.7885339791
209	2347.00602272552
210	2354.44284536974
211	2351.80999075869
212	2347.60909999812
213	2343.16789502684
214	2347.6143809509
215	2346.11596596221
216	2359.08760596438
217	2364.09713416995
218	2366.38487072545
219	2375.29044291839
220	2385.16453978725
221	2390.59373124116
222	2395.73049813147
223	2399.37548340333
224	2399.92720897944
225	2389.31421165435
226	2386.36318946556
227	2390.16444826709
228	2396.57780452229
229	2401.96336144993
230	2403.41281474329
231	2406.09845397463
232	2403.90529311221
233	2406.58162054767
234	2411.04686406146
235	2414.22830708764
236	2418.63331973476
237	2422.56749584146
238	2426.10163981945
239	2426.8764574591
240	2432.99785368932
241	2435.94830073714
242	2436.38585258618
243	2437.19801596152
244	2437.25899116985
245	2433.40471073726
246	2432.91082733996
247	2433.59832952016
248	2437.98447115139
249	2438.22531614972
250	2437.79409146693
251	2441.78723565867
252	2438.76519249034
253	2440.69678525594
254	2430.35475051239
255	2432.47999000958
256	2433.54289802269
257	2435.36287635162
258	2436.62841399679
259	2436.17193701388
260	2436.14115758094
261	2437.42819836237
262	2438.22636601631
263	2438.69255211321
264	2438.74526354412
265	2438.60992204602
266	2439.94969230339
267	2439.82184592422
268	2436.95115393247
269	2435.61513194577
270	2433.01777413817
271	2432.58906995874
272	2433.74450430526
273	2435.09837678908
274	2432.51753946665
275	2430.88209695564
276	2429.69484790271
277	2430.25921368122
278	2430.50464151172
279	2431.47756184401
280	2433.89841672046
281	2435.78021008735
282	2435.98966068094
283	2438.09019920531
284	2437.29840692711
285	2439.11261100275
286	2440.84637065113
287	2439.21968896075
288	2439.9070705177
289	2440.19123221506
290	2440.58276357967
291	2443.11573629803
292	2444.74025062206
293	2447.09148591021
294	2446.96501109419
295	2446.00235960198
296	2445.95630997438
297	2444.88497114986
298	2443.51541246029
299	2441.76553045194
300	2441.183385052
301	2437.36454342993
302	2435.49074518275
303	2433.96880314988
304	2427.0294180545
305	2412.73445574588
306	2393.14189427547
307	2377.85587780717
308	2369.48108526653
309	2367.40241556202
310	2365.06397097002
311	2357.14714608117
312	2354.48660302392
313	2338.57938457073
314	2323.85922806784
315	2303.3416110246
316	2287.92123895919
317	2277.26898681944
318	2261.59559182871
319	2251.27063664475
320	2223.18794618082
321	2206.89333327045
322	2183.69917945952
323	2147.10398970322
324	2107.64600178371
325	2065.3930580904
326	2016.79760260516
327	1961.71412445064
328	1899.79584389623
329	1839.2259679567
330	1773.26043566311
331	1698.85354236707
332	1640.75806745832
333	1583.09288639284
334	1535.72149926202
335	1483.36338125785
336	1434.9416203898
337	1390.18534642251
338	1333.70874553465
339	1274.26423768874
340	1217.50277139245
341	1161.75898384614
342	1104.64717446792
343	1061.19345153466
344	1021.66255092096
345	978.371953055872
346	925.285061060988
347	883.982059827705
348	848.35342369075
349	812.667746594445
350	781.584417319433
351	757.565598970206
352	736.069813002582
353	711.034600818441
354	692.316766192619
355	673.418214221804
356	658.038587636009
357	642.015468949985
358	628.595971885634
359	615.978182656457
360	607.517725230543
361	599.755592878458
362	590.955065964312
363	585.076003326329
364	578.919964439266
365	574.003933945785
366	567.65461400698
367	563.171850302503
368	562.057639509698
369	558.776568380893
370	557.686777006374
371	554.878806592191
372	552.951698540039
373	551.993763865137
374	550.871730653803
375	549.377951324218
376	546.725896139663
377	543.954904824409
378	542.223746720281
379	539.835702540575
380	536.848146528798
381	534.064206837322
382	532.655023059514
383	532.091701257214
384	531.686710250431
385	531.330158227903
386	530.409707447912
387	528.116179465508
388	525.639108127627
389	522.183634918206
390	520.069855470317
391	518.971091421453
392	518.087303249392
393	516.129941431407
394	514.220938384872
395	512.406558883039
396	510.836397728325
397	508.605653338975
398	507.105733906447
399	505.15764946897
400	504.011392745188
401	501.916494029538
402	500.703612419432
403	500.225252363501
404	498.915775429178
405	498.413375525236
406	497.241362827894
407	496.319542467393
408	495.833959125872
409	494.842369292811
410	493.257966623803
411	491.772333098428
412	490.642544612494
413	490.238386968331
414	489.986906910943
415	489.60120545891
416	488.908699080276
417	487.945628704612
418	487.15767511201
419	486.116426412752
420	486.111867228772
421	485.426272526418
422	484.908897486412
423	484.391456383006
424	483.983959998276
425	484.059971879716
426	484.07965895223
427	483.604039633302
428	483.608559352448
429	483.369829700982
430	483.295450203347
431	483.089104887403
432	483.310397583348
433	483.128939062378
434	483.011632978232
435	483.273410590221
436	483.258533158999
437	483.258388833689
438	483.179319020034
439	482.841185105032
440	482.662862562652
441	482.588943255459
442	482.632189053386
443	482.827475780389
444	483.079161869564
445	483.186128404774
446	483.193289436257
447	483.570543937332
448	483.695577978273
449	483.792272004473
450	483.794211945531
451	483.721813394595
452	483.364044437723
453	482.875328306628
454	482.843927483974
455	483.141122295963
456	483.30058074764
457	483.080237995775
458	482.768485233765
459	482.025849429176
460	481.522788859128
461	481.226293583442
462	480.84073659118
463	480.359431889044
464	479.837535981401
465	480.208702516818
466	479.989523956692
467	479.999813527335
468	480.114335020482
469	480.329617152446
470	480.337494879983
471	479.900759834833
472	479.680622410697
473	479.672752066404
474	479.563696145848
475	479.46761019341
476	479.548169776328
477	479.72787682391
478	480.008595232666
479	480.234881834581
480	480.070427416419
481	479.662959905789
482	479.666884722073
483	479.462800616298
484	479.542834328951
485	479.753511110271
486	479.785141865653
487	479.927050995717
488	479.984458847699
489	479.984458847699
490	479.984458847699
491	479.984458847699
492	479.790599158442
493	479.690329911588
494	479.690329911588
495	479.420705623861
496	479.256946445774
497	479.092825595628
498	479.092825595628
499	479.092825595628
500	479.092825595628
501	479.092825595628
502	479.092825595628
503	479.092825595628
504	479.092825595628
505	479.092825595628
506	479.092825595628
507	479.092825595628
508	479.092825595628
509	479.092825595628
510	479.092825595628
511	479.092825595628
512	479.092825595628
513	479.092825595628
514	479.092825595628
515	479.092825595628
516	479.092825595628
517	479.092825595628
518	479.092825595628
519	479.092825595628
520	479.092825595628
521	479.092825595628
522	479.092825595628
523	479.092825595628
524	479.092825595628
525	479.092825595628
526	479.092825595628
527	479.092825595628
528	479.092825595628
529	479.092825595628
530	479.092825595628
531	479.092825595628
532	479.092825595628
533	479.092825595628
534	479.092825595628
535	479.092825595628
536	479.092825595628
537	479.092825595628
538	479.092825595628
539	479.092825595628
540	479.092825595628
541	479.092825595628
542	479.092825595628
543	479.092825595628
544	479.092825595628
545	479.092825595628
546	479.092825595628
547	479.092825595628
548	479.092825595628
549	479.092825595628
550	479.092825595628
551	479.092825595628
552	479.092825595628
553	479.092825595628
554	479.092825595628
555	479.092825595628
556	479.092825595628
557	479.092825595628
558	479.092825595628
559	479.092825595628
560	479.092825595628
561	479.092825595628
562	479.092825595628
563	479.092825595628
564	479.092825595628
565	479.092825595628
566	479.092825595628
567	479.092825595628
568	479.092825595628
569	479.092825595628
570	479.092825595628
571	479.092825595628
572	479.092825595628
573	479.092825595628
574	479.092825595628
575	479.092825595628
576	479.092825595628
577	479.092825595628
578	479.092825595628
579	479.092825595628
580	479.092825595628
581	479.092825595628
582	479.092825595628
583	479.092825595628
584	479.092825595628
585	479.092825595628
586	479.092825595628
587	479.092825595628
588	479.092825595628
589	479.092825595628
590	479.092825595628
591	479.092825595628
592	479.092825595628
593	479.092825595628
594	479.092825595628
595	479.092825595628
596	479.092825595628
597	479.092825595628
598	479.092825595628
599	479.092825595628
600	479.092825595628
601	479.092825595628
602	479.092825595628
603	479.092825595628
604	479.092825595628
605	479.092825595628
606	479.092825595628
607	479.092825595628
608	479.092825595628
609	479.092825595628
610	479.092825595628
611	479.092825595628
612	479.092825595628
613	479.092825595628
614	479.092825595628
615	479.092825595628
616	479.092825595628
617	479.092825595628
618	479.092825595628
619	479.092825595628
620	479.092825595628
621	479.092825595628
622	479.092825595628
623	479.092825595628
624	479.092825595628
625	479.092825595628
626	479.092825595628
627	479.092825595628
628	479.092825595628
629	479.092825595628
630	479.092825595628
631	479.092825595628
632	479.092825595628
633	479.092825595628
634	479.092825595628
635	479.092825595628
636	479.092825595628
637	479.092825595628
638	479.092825595628
639	479.092825595628
640	479.092825595628
641	479.092825595628
642	479.092825595628
643	479.092825595628
644	479.092825595628
645	479.092825595628
646	479.092825595628
647	479.092825595628
648	479.092825595628
649	479.092825595628
650	479.092825595628
651	479.092825595628
652	479.092825595628
653	479.092825595628
654	479.092825595628
655	479.092825595628
656	479.092825595628
657	479.092825595628
658	479.092825595628
659	479.092825595628
660	479.092825595628
661	479.092825595628
662	479.092825595628
663	479.092825595628
664	479.092825595628
665	479.092825595628
666	479.092825595628
667	479.092825595628
668	479.092825595628
669	479.092825595628
670	479.092825595628
671	479.092825595628
672	479.092825595628
673	479.092825595628
674	479.092825595628
675	479.092825595628
676	479.092825595628
677	479.092825595628
678	479.092825595628
679	479.092825595628
680	479.092825595628
681	479.092825595628
682	479.092825595628
683	479.092825595628
684	479.092825595628
685	479.092825595628
686	479.092825595628
687	479.092825595628
688	479.092825595628
689	479.092825595628
690	479.092825595628
691	479.092825595628
692	479.092825595628
693	479.092825595628
694	479.092825595628
695	479.092825595628
696	479.092825595628
697	479.092825595628
698	479.092825595628
699	479.092825595628
700	479.092825595628
701	479.092825595628
702	479.092825595628
703	479.092825595628
704	479.092825595628
705	479.092825595628
706	479.092825595628
707	479.092825595628
708	479.092825595628
709	479.092825595628
710	479.092825595628
711	479.092825595628
712	479.092825595628
713	479.092825595628
714	479.092825595628
715	479.092825595628
716	479.092825595628
717	479.092825595628
718	479.092825595628
719	479.092825595628
720	479.092825595628
721	479.092825595628
722	479.092825595628
723	479.092825595628
724	479.092825595628
725	479.092825595628
726	479.092825595628
727	479.092825595628
728	479.092825595628
729	478.706115778045
730	477.933488626458
731	476.00749252311
732	475.623263285765
733	475.239262108449
734	475.239262108449
735	475.239262108449
736	475.239262108449
737	475.239262108449
738	475.239262108449
739	475.239262108449
740	475.239262108449
741	475.239262108449
742	475.239262108449
743	475.239262108449
744	475.239262108449
745	475.239262108449
746	475.239262108449
747	475.239262108449
748	475.239262108449
749	475.239262108449
750	474.872692702394
751	474.872692702394
752	474.506315594161
753	474.140316589773
754	473.043831025279
755	472.31422804989
756	471.585829280889
757	471.585829280889
758	471.585829280889
759	471.585829280889
760	471.585829280889
761	471.585829280889
762	471.585829280889
763	471.585829280889
764	471.585829280889
765	471.585829280889
766	471.585829280889
767	471.585829280889
768	471.585829280889
769	471.585829280889
770	471.585829280889
771	471.585829280889
772	471.585829280889
773	471.585829280889
774	471.585829280889
775	471.585829280889
776	471.585829280889
777	471.585829280889
778	471.585829280889
779	471.585829280889
780	471.585829280889
781	471.585829280889
782	471.585829280889
783	471.585829280889
784	471.585829280889
785	471.22713575219
786	469.388750485072
787	464.342418107254
788	464.342418107254
789	464.342418107254
790	464.342418107254
791	430.001029460456
792	302.591
